2808 449 348 49 26 0 0
2809 448 348 49 25 0 0
2810 446 346 49 25 0 0
2811 444 345 50 25 0 0
2812 443 343 49 26 0 0
2813 442 342 49 25 0 0
2814 441 339 48 25 0 0
2815 440 337 48 24 0 0
2816 439 334 49 25 0 0
2817 438 330 48 25 0 0
2818 437 326 49 25 0 0
2819 437 322 48 25 0 0
2820 436 319 48 24 0 0
2821 435 315 49 23 0 0
2822 434 311 49 23 0 0
2823 439 338 50 24 0 0
2824 433 302 50 24 0 0
2825 433 297 50 23 0 0
2826 434 293 49 24 0 0
2827 435 289 49 23 0 0
2828 436 285 48 23 0 0
2829 436 280 48 23 0 0
2830 436 275 49 23 0 0
2831 436 271 50 23 0 0
2832 437 266 49 22 0 0
2833 437 261 50 23 0 0
2834 439 250 49 22 0 0
2835 441 243 49 22 0 0
2836 442 238 50 23 0 0
2837 445 231 49 23 0 0
2838 447 227 49 22 0 0
2839 449 223 48 23 0 0
2840 451 219 50 21 0 0
2841 454 217 48 21 0 0
2842 457 214 49 21 0 0
2843 465 211 46 8 0 0
2844 463 209 50 21 0 0
2845 466 207 49 21 0 0
2846 471 203 49 22 0 0
2847 473 201 50 21 0 0
2848 481 199 50 21 0 0
2849 485 201 50 21 0 0
2850 489 202 50 20 0 0
2851 496 205 48 21 0 0
2852 500 207 48 21 0 0
2853 501 209 49 20 0 0
2854 503 212 51 20 0 0
2855 505 214 51 21 0 0
2856 508 218 51 21 0 0
2857 511 220 51 21 0 0
2858 514 223 51 20 0 0
2859 517 225 51 20 0 0
2860 520 229 51 20 0 0
2861 522 232 51 20 0 0
2862 524 237 51 19 0 0
2863 527 243 50 20 0 0
2864 529 249 50 19 0 0
2865 531 255 50 19 0 0
2866 535 265 51 20 0 0
2867 536 270 51 21 0 0
2868 538 279 50 20 0 0
2869 539 285 51 19 0 0
2870 541 293 50 19 0 0
2871 542 298 50 19 0 0
2872 543 305 49 19 0 0
2873 543 311 51 18 0 0
2874 543 317 50 20 0 0
2875 542 323 50 14 0 0
2876 542 327 50 19 0 0
2877 539 339 50 18 0 0
2878 537 344 50 18 0 0
2879 536 347 50 18 0 0
2880 535 351 50 18 0 0
2881 534 355 50 18 0 0
2882 533 358 50 18 0 0
2883 531 361 50 18 0 0
2884 530 363 50 18 0 0
2885 528 364 50 19 0 0
2886 527 365 50 18 0 0
2887 525 365 44 10 0 0
2888 524 366 49 18 0 0
2889 522 367 49 17 0 0
2890 520 367 49 16 0 0
2891 519 366 49 16 0 0
2892 517 365 49 17 0 0
2893 515 363 49 17 0 0
2894 514 362 50 17 0 0
2895 512 360 50 17 0 0
2896 510 357 50 17 0 0
2897 508 355 50 17 0 0
2898 506 352 50 17 0 0
2899 504 348 50 17 0 0
2900 502 341 50 17 0 0
2901 502 336 50 18 0 0
2902 502 331 49 18 0 0
2903 500 326 49 18 0 0
2904 500 323 49 18 0 0
2905 500 319 49 18 0 0
2906 499 316 49 18 0 0
2907 498 311 49 18 0 0
2908 497 306 49 18 0 0
2909 495 299 51 17 0 0
2910 495 287 50 18 0 0
2911 495 284 50 17 0 0
2912 496 280 50 17 0 0
2913 497 276 50 17 0 0
2914 498 274 50 17 0 0
2915 499 271 50 17 0 0
2916 500 269 50 17 0 0
2917 501 266 50 17 0 0
2918 502 263 50 17 0 0
2919 503 262 50 17 0 0
2920 505 260 50 17 0 0
2921 506 258 50 17 0 0
2922 507 256 50 18 0 0
2923 509 255 50 18 0 0
2924 511 254 49 18 0 0
2925 513 253 49 18 0 0
2926 515 253 49 18 0 0
2927 516 253 49 18 0 0
2928 517 252 49 18 0 0
2929 519 252 49 18 0 0
2930 520 252 49 18 0 0
2931 522 252 49 18 0 0
2932 524 252 49 18 0 0
2933 525 252 49 18 0 0
2934 527 252 49 19 0 0
2935 528 252 49 19 0 0
2936 530 251 49 19 0 0
2937 532 250 49 20 0 0
2938 518 250 64 20 0 0
2939 535 249 49 20 0 0
2940 537 249 49 20 0 0
2941 539 249 49 21 0 0
2942 542 249 49 21 0 0
2943 544 249 49 21 0 0
2944 546 247 49 21 0 0
2945 548 245 46 22 0 0
2946 550 242 45 22 0 0
2947 552 240 45 22 0 0
2948 553 239 45 22 0 0
2949 554 239 45 21 0 0
2950 555 238 45 21 0 0
2951 557 237 46 22 0 0
2952 559 237 46 22 0 0
2953 544 239 64 20 0 0
2954 563 235 47 24 0 0
2955 567 235 46 24 0 0
2956 569 234 46 24 0 0
2957 552 239 46 23 0 0
2958 573 232 46 24 0 0
2959 576 232 46 24 0 0
2960 578 233 46 25 0 0
2961 581 234 46 25 0 0
2962 584 236 44 26 0 0
2963 586 237 44 26 0 0
2964 589 239 44 25 0 0
2965 591 239 44 26 0 0
2966 593 239 44 26 0 0
2967 595 241 44 26 0 0
2968 596 242 44 26 0 0
2969 600 245 26 15 0 0
2970 601 248 44 28 0 0
2971 604 252 44 28 0 0
2972 607 265 44 19 0 0
2973 607 258 44 29 0 0
2974 609 263 44 29 0 0
2975 611 266 43 29 0 0
2976 615 276 43 30 0 0
2977 617 280 43 30 0 0
2978 618 285 43 30 0 0
2979 620 290 42 30 0 0
2980 622 296 41 29 0 0
2981 623 301 41 29 0 0
2982 625 306 40 29 0 0
2983 624 312 34 16 0 0
2984 626 316 42 32 0 0
2985 627 324 41 30 0 0
2986 629 331 40 30 0 0
2987 629 337 40 31 0 0
2988 628 344 41 31 0 0
2989 627 349 41 31 0 0
2990 626 352 41 32 0 0
2991 625 356 41 32 0 0
2992 624 360 42 31 0 0
2993 624 364 40 31 0 0
2994 623 367 40 32 0 0
2995 621 369 41 32 0 0
2996 619 374 40 31 0 0
2997 616 377 40 30 0 0
2998 615 378 39 31 0 0
2999 611 379 40 32 0 0
3000 609 380 40 31 0 0
3001 608 381 39 30 0 0
3002 607 380 39 31 0 0
3003 606 379 39 32 0 0
3004 605 379 39 31 0 0
3005 604 377 39 32 0 0
3006 612 379 38 32 0 0
3007 603 374 38 33 0 0
3008 602 372 38 33 0 0
3009 600 370 38 33 0 0
3010 598 367 38 33 0 0
3011 605 379 39 33 0 0
3012 596 363 39 32 0 0
3013 596 361 38 33 0 0
3014 596 359 37 32 0 0
3015 595 355 37 33 0 0
3016 595 352 37 34 0 0
3017 594 349 37 33 0 0
3018 592 345 39 35 0 0
3019 598 360 32 19 0 0
3020 590 340 40 35 0 0
3021 590 337 39 35 0 0
3022 595 355 38 34 0 0
3023 591 331 36 34 0 0
3024 591 327 36 35 0 0
3025 594 323 18 10 0 0
3026 591 320 36 35 0 0
3027 592 318 36 35 0 0
3028 593 315 36 30 0 0
3029 594 312 35 35 0 0
3030 595 309 35 35 0 0
3031 595 306 35 35 0 0
3032 595 303 35 34 0 0
3033 596 300 35 35 0 0
3034 597 297 35 35 0 0
3035 597 294 35 35 0 0
3036 599 290 34 35 0 0
3037 599 288 33 30 0 0
3038 600 286 35 35 0 0
3039 602 283 35 35 0 0
3040 596 302 34 36 0 0
3041 608 275 32 39 0 0
3042 609 273 32 39 0 0
3043 611 270 32 39 0 0
3044 612 267 32 39 0 0
3045 601 285 29 20 0 0
3046 617 263 31 39 0 0
3047 619 261 31 39 0 0
3048 622 261 26 19 0 0
3049 624 261 31 39 0 0
3050 627 262 29 38 0 0
3051 628 262 29 39 0 0
3052 631 263 28 39 0 0
3053 633 263 29 39 0 0
3054 637 265 28 39 0 0
3055 640 266 29 39 0 0
3056 644 266 28 39 0 0
3057 646 266 28 39 0 0
3058 649 268 28 39 0 0
3059 651 270 27 39 0 0
3060 654 274 27 39 0 0
3061 656 279 26 27 0 0
3062 660 288 28 41 0 0
3063 663 293 27 40 0 0
3064 666 298 26 39 0 0
3065 668 302 26 39 0 0
3066 670 306 26 39 0 0
3067 672 309 26 40 0 0
3068 673 312 25 41 0 0
3069 674 318 25 40 0 0
3070 676 324 24 42 0 0
3071 678 333 24 41 0 0
3072 679 339 24 40 0 0
3073 680 346 24 42 0 0
3074 681 352 24 40 0 0
3075 682 357 24 42 0 0
3076 683 363 23 40 0 0
3077 684 369 23 40 0 0
3078 684 373 23 40 0 0
3079 684 379 23 42 0 0
3080 684 384 22 41 0 0
3081 683 390 22 42 0 0
3082 682 396 22 43 0 0
3083 681 401 22 43 0 0
3084 680 406 23 43 0 0
3085 679 410 22 43 0 0
3086 678 415 21 42 0 0
3087 678 418 21 43 0 0
3088 676 422 20 43 0 0
3089 675 424 20 42 0 0
3090 673 426 21 42 0 0
3091 672 427 20 42 0 0
3092 670 430 20 42 0 0
3093 666 435 20 42 0 0
3094 665 436 21 23 0 0
3095 663 439 20 42 0 0
3096 661 440 21 42 0 0
3097 659 441 20 42 0 0
3098 657 440 21 42 0 0
3099 655 440 21 42 0 0
3100 653 439 21 42 0 0
3101 652 438 21 42 0 0
3102 655 434 29 45 0 0
3103 649 435 20 43 0 0
3104 648 433 20 43 0 0
3105 637 415 20 43 0 0
3106 636 412 21 42 0 0
3107 635 408 21 44 0 0
3108 634 407 22 27 0 0
3109 633 405 22 41 0 0
3110 633 402 22 42 0 0
3111 631 399 23 42 0 0
3112 631 397 23 42 0 0
3113 630 394 23 42 0 0
3114 630 389 22 42 0 0
3115 634 409 22 42 0 0
3116 630 397 18 30 0 0
3117 630 381 23 43 0 0
3118 630 378 23 43 0 0
3119 631 378 22 14 0 0
3120 629 376 24 10 0 0
3121 628 376 24 42 0 0
3122 627 375 24 42 0 0
3123 627 374 24 42 0 0
3124 627 373 24 42 0 0
3125 628 371 24 42 0 0
3126 632 367 21 16 0 0
3127 627 361 27 41 0 0
3128 626 355 27 41 0 0
3129 623 349 28 42 0 0
3130 622 348 28 42 0 0
3131 622 348 28 42 0 0
3132 622 349 28 42 0 0
3133 622 351 29 42 0 0
3134 623 352 30 43 0 0
3135 626 354 29 42 0 0
3136 628 357 29 42 0 0
3137 630 359 29 42 0 0
3138 632 361 30 43 0 0
3139 633 364 31 41 0 0
3140 634 367 33 42 0 0
3141 635 370 33 42 0 0
3142 637 376 32 40 0 0
3143 638 380 32 40 0 0
3144 638 385 34 40 0 0
3145 639 391 33 40 0 0
3146 638 395 34 40 0 0
3147 638 401 35 40 0 0
3148 629 395 15 8 0 0
3149 637 412 36 40 0 0
3150 636 416 37 40 0 0
3151 635 422 37 39 0 0
3152 633 429 37 40 0 0
3153 632 433 37 40 0 0
3154 630 436 39 39 0 0
3155 629 439 39 40 0 0
3156 639 441 28 17 0 0
3157 627 443 40 39 0 0
3158 626 448 40 38 0 0
3159 626 449 40 38 0 0
3160 626 451 40 37 0 0
3161 626 452 40 37 0 0
3162 627 453 40 37 0 0
3163 626 454 41 37 0 0
3164 625 455 42 37 0 0
3165 625 455 42 37 0 0
3166 624 455 42 37 0 0
3167 622 455 42 37 0 0
3168 621 455 42 37 0 0
3169 620 455 41 37 0 0
3170 617 455 42 37 0 0
3171 615 455 42 37 0 0
3172 613 455 43 37 0 0
3173 611 455 44 35 0 0
3174 610 455 44 36 0 0
3175 610 474 22 16 0 0
3176 609 454 44 36 0 0
3177 607 453 44 36 0 0
3178 606 452 44 36 0 0
3179 604 452 45 36 0 0
3180 603 452 46 36 0 0
3181 602 452 46 36 0 0
3182 601 451 47 36 0 0
3183 600 449 47 36 0 0
3184 598 449 48 35 0 0
3185 596 449 49 35 0 0
3186 595 448 48 35 0 0
3187 592 447 49 35 0 0
3188 590 447 49 35 0 0
3189 587 446 49 35 0 0
3190 585 446 50 34 0 0
3191 583 445 51 34 0 0
3192 582 445 51 34 0 0
3193 581 445 51 33 0 0
3194 581 445 51 33 0 0
3195 581 445 51 32 0 0
3196 581 445 51 31 0 0
3197 581 444 51 32 0 0
3198 581 444 52 32 0 0
3199 581 443 53 32 0 0
3200 581 444 53 31 0 0
3201 581 444 53 31 0 0
3202 580 445 53 31 0 0
3203 580 446 53 30 0 0
3204 580 446 54 30 0 0
3205 579 448 55 29 0 0
3206 578 449 56 29 0 0
3207 577 450 55 29 0 0
3208 577 451 55 29 0 0
3209 577 452 54 29 0 0
3210 577 454 54 29 0 0
3211 576 455 56 29 0 0
3212 576 456 57 29 0 0
3213 576 457 58 29 0 0
3214 574 459 59 29 0 0
3215 574 460 58 29 0 0
3216 573 462 58 29 0 0
3217 575 463 55 20 0 0
3218 572 464 58 29 0 0
3219 570 466 59 29 0 0
3220 569 467 58 29 0 0
3221 568 469 58 28 0 0
3222 568 470 59 28 0 0
3223 567 472 59 28 0 0
3224 566 474 58 28 0 0
3225 565 476 58 28 0 0
3226 564 477 59 28 0 0
3227 563 479 58 28 0 0
3228 569 469 58 28 0 0
3229 560 482 58 27 0 0
3230 559 482 58 27 0 0
3231 558 483 59 26 0 0
3232 555 483 59 26 0 0
3233 553 483 59 26 0 0
3234 551 484 59 26 0 0
3235 550 484 60 26 0 0
3236 548 485 60 26 0 0
3237 547 485 60 26 0 0
3238 545 486 63 26 0 0
3239 544 487 63 26 0 0
3240 542 487 63 26 0 0
3241 541 488 62 26 0 0
3242 539 489 62 26 0 0
3243 539 489 62 26 0 0
3244 537 489 61 26 0 0
3245 535 489 61 26 0 0
3246 534 489 61 26 0 0
3247 533 489 60 26 0 0
3248 531 489 61 25 0 0
3249 529 489 61 24 0 0
3250 527 489 61 24 0 0
3251 526 488 61 24 0 0
3252 524 488 61 23 0 0
3253 521 486 61 23 0 0
3254 519 485 61 23 0 0
3255 517 482 62 24 0 0
3256 511 477 65 22 0 0
3257 510 475 65 22 0 0
3258 512 474 62 22 0 0
3259 511 473 62 22 0 0
3260 511 473 61 22 0 0
3261 508 472 62 22 0 0
3262 506 471 62 22 0 0
3263 503 471 62 21 0 0
3264 501 471 62 21 0 0
3265 502 472 60 21 0 0
3266 505 474 61 20 0 0
3267 503 474 61 20 0 0
3268 502 475 62 21 0 0
3269 502 477 62 21 0 0
3270 501 479 62 21 0 0
3271 499 485 63 20 0 0
3272 497 489 63 20 0 0
3273 496 491 63 20 0 0
3274 496 495 61 19 0 0
3275 495 497 61 19 0 0
3276 493 500 61 19 0 0
3277 491 502 61 19 0 0
3278 490 505 60 19 0 0
3279 489 507 60 19 0 0
3280 487 509 60 19 0 0
3281 483 513 61 19 0 0
3282 482 514 60 19 0 0
3283 482 515 59 19 0 0
3284 480 516 59 19 0 0
3285 479 517 59 19 0 0
3286 477 517 59 19 0 0
3287 474 517 60 20 0 0
3288 473 517 61 20 0 0
3289 472 517 62 21 0 0
3290 470 515 63 22 0 0
3291 467 513 63 23 0 0
3292 465 513 62 22 0 0
3293 462 511 62 22 0 0
3294 460 510 62 22 0 0
3295 459 508 61 22 0 0
3296 457 505 61 22 0 0
3297 455 501 61 22 0 0
3298 456 498 59 22 0 0
3299 455 494 59 22 0 0
3300 454 491 61 22 0 0
3301 454 486 60 23 0 0
3302 451 482 61 23 0 0
3303 451 479 60 22 0 0
3304 450 476 60 23 0 0
3305 447 471 61 24 0 0
3306 446 469 60 23 0 0
3307 445 467 60 21 0 0
3308 444 462 62 20 0 0
3309 445 456 60 20 0 0
3310 444 448 60 22 0 0
3311 443 443 59 21 0 0
3312 442 439 60 21 0 0
3313 442 435 60 21 0 0
3314 442 431 59 21 0 0
3315 442 427 59 22 0 0
3316 441 423 60 22 0 0
3317 444 421 58 22 0 0
3318 445 419 58 22 0 0
3319 446 419 57 21 0 0
3320 447 418 56 21 0 0
3321 448 414 56 23 0 0
3322 448 412 56 24 0 0
3323 449 412 56 24 0 0
3324 450 413 56 24 0 0
3325 450 415 56 24 0 0
3326 451 418 57 24 0 0
3327 451 419 57 25 0 0
3328 452 423 57 25 0 0
3329 455 427 55 25 0 0
3330 455 430 57 27 0 0
3331 456 434 56 27 0 0
3332 457 440 55 27 0 0
3333 457 443 55 28 0 0
3334 456 451 56 28 0 0
3335 456 458 57 28 0 0
3336 456 462 57 28 0 0
3337 456 468 56 29 0 0
3338 455 475 56 29 0 0
3339 456 480 54 28 0 0
3340 455 486 53 28 0 0
3341 453 492 54 29 0 0
3342 451 496 55 30 0 0
3343 449 500 55 30 0 0
3344 448 506 54 30 0 0
3345 447 510 53 31 0 0
3346 445 514 53 32 0 0
3347 442 520 53 31 0 0
3348 440 523 53 32 0 0
3349 437 525 53 32 0 0
3350 436 537 49 24 0 0
3351 430 530 53 32 0 0
3352 428 529 52 33 0 0
3353 426 528 50 31 0 0
3354 423 526 50 31 0 0
3355 420 524 51 32 0 0
3356 418 523 51 31 0 0
3357 416 521 51 32 0 0
3358 414 517 49 32 0 0
3359 413 515 48 32 0 0
3360 411 511 48 32 0 0
3361 410 509 48 33 0 0
3362 407 505 50 32 0 0
3363 404 501 51 32 0 0
3364 402 498 52 32 0 0
3365 399 489 49 33 0 0
3366 397 482 49 36 0 0
3367 395 478 49 36 0 0
3368 395 474 48 36 0 0
3369 394 471 48 36 0 0
3370 393 466 46 36 0 0
3371 392 463 47 36 0 0
3372 390 458 48 36 0 0
3373 389 454 48 37 0 0
3374 388 449 48 37 0 0
3375 387 446 48 36 0 0
3376 388 440 47 37 0 0
3377 390 434 44 37 0 0
3378 391 431 43 37 0 0
3379 390 427 43 37 0 0
3380 390 422 43 38 0 0
3381 389 419 43 38 0 0
3382 388 414 44 38 0 0
3383 389 410 42 38 0 0
3384 388 407 43 38 0 0
3385 388 403 43 38 0 0
3386 387 396 44 39 0 0
3387 388 391 43 39 0 0
3388 388 385 43 37 0 0
3389 387 380 44 39 0 0
3390 387 377 44 39 0 0
3391 387 373 44 39 0 0
3392 388 370 41 25 0 0
3393 389 369 44 40 0 0
3394 392 366 42 41 0 0
3395 394 365 40 41 0 0
3396 394 362 41 41 0 0
3397 396 361 40 40 0 0
3398 397 359 40 40 0 0
3399 398 358 39 40 0 0
3400 400 358 39 39 0 0
3401 401 358 39 39 0 0
3402 403 358 39 40 0 0
3403 404 358 39 40 0 0
3404 404 354 21 15 0 0
3405 408 359 41 42 0 0
3406 409 362 40 40 0 0
3407 410 364 39 40 0 0
3408 410 367 39 40 0 0
3409 412 369 38 40 0 0
3410 413 374 37 39 0 0
3411 413 376 37 39 0 0
3412 414 380 37 39 0 0
3413 415 382 37 40 0 0
3414 417 386 36 40 0 0
3415 418 391 36 40 0 0
3416 418 395 37 41 0 0
3417 419 400 36 41 0 0
3418 419 408 36 43 0 0
3419 418 411 36 42 0 0
3420 417 415 35 43 0 0
3421 417 422 34 41 0 0
3422 417 426 34 42 0 0
3423 416 430 34 43 0 0
3424 415 433 34 43 0 0
3425 414 437 34 44 0 0
3426 413 440 34 44 0 0
3427 412 447 33 42 0 0
3428 411 451 33 42 0 0
3429 407 459 33 43 0 0
3430 406 463 33 42 0 0
3431 404 467 33 42 0 0
3432 402 470 32 42 0 0
3433 400 472 32 42 0 0
3434 398 473 32 42 0 0
3435 396 475 32 42 0 0
3436 394 476 32 42 0 0
3437 392 477 32 42 0 0
3438 388 477 32 42 0 0
3439 387 477 30 42 0 0
3440 385 477 30 42 0 0
3441 381 480 30 36 0 0
3442 378 473 30 40 0 0
3443 375 470 30 40 0 0
3444 373 467 30 41 0 0
3445 370 464 30 41 0 0
3446 368 462 29 41 0 0
3447 365 459 28 41 0 0
3448 363 462 20 20 0 0
3449 359 451 29 40 0 0
3450 357 447 29 40 0 0
3451 374 469 21 26 0 0
3452 355 436 29 43 0 0
3453 354 433 29 43 0 0
3454 354 429 28 40 0 0
3455 353 423 28 41 0 0
3456 350 413 28 41 0 0
3457 350 407 27 41 0 0
3458 349 403 27 41 0 0
3459 349 397 26 41 0 0
3460 348 391 26 41 0 0
3461 348 387 26 41 0 0
3462 347 381 26 41 0 0
3463 346 377 26 41 0 0
3464 346 372 25 41 0 0
3465 345 363 25 41 0 0
3466 345 357 24 41 0 0
3467 345 353 24 41 0 0
3468 345 350 15 15 0 0
3469 346 345 24 42 0 0
3470 346 341 24 42 0 0
3471 346 337 24 42 0 0
3472 348 332 23 42 0 0
3473 351 323 22 41 0 0
3474 352 318 22 41 0 0
3475 353 315 22 41 0 0
3476 355 311 22 41 0 0
3477 358 308 22 41 0 0
3478 359 305 22 41 0 0
3479 361 303 22 41 0 0
3480 363 300 22 41 0 0
3481 365 297 22 41 0 0
3482 366 296 23 41 0 0
3483 368 294 22 41 0 0
3484 370 294 22 41 0 0
3485 372 294 22 41 0 0
3486 374 294 22 41 0 0
3487 376 294 22 41 0 0
3488 379 295 22 41 0 0
3489 381 296 22 41 0 0
3490 384 297 22 41 0 0
3491 387 298 22 41 0 0
3492 390 299 20 41 0 0
3493 392 301 20 41 0 0
3494 393 303 20 41 0 0
3495 395 306 20 41 0 0
3496 396 308 20 41 0 0
3497 396 309 21 40 0 0
3498 397 311 20 41 0 0
3499 398 315 20 40 0 0
3500 400 319 19 41 0 0
3501 402 325 19 39 0 0
3502 403 328 19 39 0 0
3503 404 333 19 39 0 0
3504 405 337 19 39 0 0
3505 405 341 20 39 0 0
3506 405 347 20 39 0 0
3507 405 355 20 40 0 0
3508 405 359 20 40 0 0
3509 405 364 20 39 0 0
3510 405 368 20 39 0 0
3511 405 373 19 40 0 0
3512 404 377 20 39 0 0
3513 404 381 20 39 0 0
3514 403 385 20 38 0 0
3515 402 388 20 38 0 0
3516 401 392 20 38 0 0
3517 400 394 20 39 0 0
3518 398 397 20 39 0 0
3519 397 398 19 38 0 0
3520 395 400 19 38 0 0
3521 393 402 19 38 0 0
3522 390 404 19 38 0 0
3523 389 405 19 38 0 0
3524 388 406 19 38 0 0
3525 386 407 19 38 0 0
3526 382 406 19 38 0 0
3527 378 405 20 38 0 0
3528 373 402 20 38 0 0
3529 371 401 20 38 0 0
3530 368 400 22 38 0 0
3531 366 399 22 38 0 0
3532 365 398 22 38 0 0
3533 364 396 22 38 0 0
3534 363 395 22 38 0 0
3535 362 393 22 37 0 0
3536 361 391 22 37 0 0
3537 360 389 22 37 0 0
3538 359 387 22 37 0 0
3539 358 385 22 37 0 0
3540 357 398 22 21 0 0
3541 356 381 23 37 0 0
3542 355 379 23 36 0 0
3543 354 377 23 36 0 0
3544 353 375 23 36 0 0
3545 351 371 23 36 0 0
3546 350 369 23 36 0 0
3547 349 367 23 36 0 0
3548 348 366 23 36 0 0
3549 347 364 24 37 0 0
3550 346 362 24 37 0 0
3551 345 361 23 31 0 0
3552 344 359 24 36 0 0
3553 343 355 24 36 0 0
3554 343 353 25 36 0 0
3555 343 350 25 36 0 0
3556 343 348 25 36 0 0
3557 343 345 25 36 0 0
3558 343 343 24 36 0 0
3559 341 340 25 36 0 0
3560 341 338 25 36 0 0
3561 340 335 25 36 0 0
3562 340 333 25 36 0 0
3563 338 330 27 36 0 0
3564 338 328 27 36 0 0
3565 338 326 27 36 0 0
3566 338 322 27 36 0 0
3567 338 318 27 36 0 0
3568 338 315 27 36 0 0
3569 338 311 27 36 0 0
3570 339 307 28 36 0 0
3571 340 303 28 36 0 0
3572 340 294 30 36 0 0
3573 341 290 30 36 0 0
3574 342 286 30 34 0 0
3575 344 280 30 34 0 0
3576 344 273 31 35 0 0
3577 345 269 31 35 0 0
3578 345 265 31 35 0 0
3579 346 260 30 35 0 0
3580 347 256 31 34 0 0
3581 348 250 32 35 0 0
3582 349 246 32 35 0 0
3583 352 241 31 34 0 0
3584 354 236 31 35 0 0
3585 357 232 32 35 0 0
3586 360 229 32 35 0 0
3587 362 227 32 35 0 0
3588 366 224 32 35 0 0
3589 370 222 32 34 0 0
3590 373 220 32 35 0 0
3591 379 220 34 33 0 0
3592 383 219 34 34 0 0
3593 386 218 34 34 0 0
3594 390 217 34 33 0 0
3595 392 217 34 34 0 0
3596 396 219 34 33 0 0
3597 397 221 35 33 0 0
3598 400 224 35 33 0 0
3599 402 228 35 33 0 0
3600 403 231 35 33 0 0
3601 406 235 35 33 0 0
3602 409 239 35 33 0 0
3603 411 241 35 33 0 0
3604 414 246 35 32 0 0
3605 416 249 35 32 0 0
3606 419 254 35 31 0 0
3607 420 256 37 32 0 0
3608 423 260 36 33 0 0
3609 426 265 36 33 0 0
3610 428 270 37 33 0 0
3611 429 275 37 33 0 0
3612 430 280 37 32 0 0
3613 430 284 38 31 0 0
3614 431 291 38 31 0 0
3615 432 295 38 31 0 0
3616 432 300 38 31 0 0
3617 432 306 39 31 0 0
3618 432 315 39 28 0 0
3619 432 317 39 29 0 0
3620 432 323 40 30 0 0
3621 433 327 40 31 0 0
3622 433 333 39 30 0 0
3623 432 338 39 30 0 0
3624 431 343 40 29 0 0
3625 430 345 41 30 0 0
3626 428 349 40 29 0 0
3627 426 353 40 30 0 0
3628 425 356 41 29 0 0
3629 422 359 41 29 0 0
3630 420 366 41 24 0 0
3631 420 363 39 28 0 0
3632 417 365 40 28 0 0
3633 416 366 39 28 0 0
3634 414 367 39 28 0 0
3635 412 367 40 28 0 0
3636 410 367 40 28 0 0
3637 408 366 40 28 0 0
3638 404 364 40 28 0 0
3639 402 363 40 28 0 0
3640 400 361 40 28 0 0
3641 398 358 41 29 0 0
3642 398 356 40 29 0 0
3643 397 355 39 28 0 0
3644 396 352 39 28 0 0
3645 395 365 24 13 0 0
3646 400 347 34 15 0 0
3647 391 346 41 28 0 0
3648 405 362 41 30 0 0
3649 388 337 42 29 0 0
3650 387 336 42 28 0 0
3651 388 332 40 20 0 0
3652 385 329 42 28 0 0
3653 384 325 42 28 0 0
3654 383 322 42 27 0 0
3655 382 320 42 27 0 0
3656 382 311 43 27 0 0
3657 382 305 43 28 0 0
3658 382 302 43 28 0 0
3659 382 298 43 28 0 0
3660 382 294 43 28 0 0
3661 381 290 43 22 0 0
3662 381 287 43 27 0 0
3663 381 283 43 27 0 0
3664 381 280 43 27 0 0
3665 381 274 43 27 0 0
3666 381 271 43 27 0 0
3667 382 267 43 27 0 0
3668 382 264 43 27 0 0
3669 383 259 43 27 0 0
3670 386 255 43 27 0 0
3671 387 251 43 27 0 0
3672 388 248 43 27 0 0
3673 391 239 43 27 0 0
3674 392 237 43 26 0 0
3675 393 235 43 25 0 0
3676 395 231 44 25 0 0
3677 396 228 44 25 0 0
3678 398 224 44 25 0 0
3679 399 221 45 25 0 0
3680 401 217 45 25 0 0
3681 403 215 45 25 0 0
3682 405 212 45 25 0 0
3683 407 210 45 25 0 0
3684 409 209 45 25 0 0
3685 412 208 45 25 0 0
3686 414 207 45 25 0 0
3687 417 206 45 25 0 0
3688 420 206 45 25 0 0
3689 424 206 45 25 0 0
3690 426 206 45 24 0 0
3691 430 206 45 24 0 0
3692 432 207 45 24 0 0
3693 435 211 45 22 0 0
3694 438 209 46 24 0 0
3695 440 211 46 23 0 0
3696 443 213 46 23 0 0
3697 446 216 47 23 0 0
3698 449 218 47 22 0 0
3699 452 221 47 22 0 0
3700 455 223 47 22 0 0
3701 457 225 47 22 0 0
3702 459 227 47 22 0 0
3703 461 230 47 22 0 0
3704 462 232 47 22 0 0
3705 464 233 47 23 0 0
3706 466 235 47 22 0 0
3707 468 237 47 21 0 0
3708 470 241 47 21 0 0
3709 472 255 31 11 0 0
3710 473 249 49 22 0 0
3711 476 252 47 22 0 0
3712 479 257 47 22 0 0
3713 481 261 47 22 0 0
3714 483 263 47 22 0 0
3715 484 267 47 22 0 0
3716 484 271 48 22 0 0
3717 485 274 47 22 0 0
3718 474 248 47 23 0 0
3719 485 281 47 22 0 0
3720 486 284 47 22 0 0
3721 487 288 47 22 0 0
3722 488 291 47 22 0 0
3723 488 295 47 22 0 0
3724 487 299 48 22 0 0
3725 486 303 48 22 0 0
3726 486 306 47 21 0 0
3727 485 308 47 20 0 0
3728 484 309 47 20 0 0
3729 483 309 47 20 0 0
3730 483 310 47 20 0 0
3731 482 312 47 20 0 0
3732 482 313 47 20 0 0
3733 481 316 47 21 0 0
3734 481 317 47 21 0 0
3735 480 317 47 21 0 0
3736 478 317 48 21 0 0
3737 477 317 48 21 0 0
3738 476 316 48 21 0 0
3739 475 315 47 21 0 0
3740 473 315 47 21 0 0
3741 473 314 46 21 0 0
3742 473 313 47 21 0 0
3743 473 310 47 21 0 0
3744 474 306 47 21 0 0
3745 474 303 47 21 0 0
3746 474 299 47 21 0 0
3747 474 297 47 19 0 0
3748 474 294 47 19 0 0
3749 473 290 47 19 0 0
3750 473 287 47 19 0 0
3751 472 283 47 19 0 0
3752 472 279 47 19 0 0
3753 471 276 48 19 0 0
3754 470 274 48 19 0 0
3755 471 270 47 19 0 0
3756 472 265 47 20 0 0
3757 472 263 48 20 0 0
3758 474 259 48 20 0 0
3759 476 255 48 20 0 0
3760 478 252 47 20 0 0
3761 480 249 47 20 0 0
3762 470 273 48 20 0 0
3763 483 245 49 19 0 0
3764 485 242 48 20 0 0
3765 486 240 48 20 0 0
3766 488 238 48 20 0 0
3767 489 237 48 20 0 0
3768 491 234 47 20 0 0
3769 492 233 47 20 0 0
3770 495 232 47 20 0 0
3771 497 232 47 20 0 0
3772 499 233 47 19 0 0
3773 501 233 48 19 0 0
3774 503 233 48 19 0 0
3775 504 233 48 19 0 0
3776 506 234 48 18 0 0
3777 508 234 48 18 0 0
3778 508 234 47 18 0 0
3779 509 234 47 18 0 0
3780 510 234 48 18 0 0
3781 511 233 48 18 0 0
3782 512 231 48 18 0 0
3783 514 228 47 18 0 0
3784 514 226 47 18 0 0
3785 515 225 47 18 0 0
3786 516 225 47 18 0 0
3787 518 227 47 18 0 0
3788 520 229 47 18 0 0
3789 523 229 47 18 0 0
3790 524 229 48 17 0 0
3791 512 231 48 18 0 0
3792 530 225 47 17 0 0
3793 517 227 48 17 0 0
3794 533 226 48 16 0 0
3795 535 227 48 17 0 0
3796 536 228 48 17 0 0
3797 538 230 49 17 0 0
3798 541 232 48 18 0 0
3799 542 234 48 17 0 0
3800 544 237 48 16 0 0
3801 546 239 48 16 0 0
3802 548 241 48 16 0 0
3803 549 244 48 16 0 0
3804 550 245 48 16 0 0
3805 552 246 48 16 0 0
3806 553 248 48 16 0 0
3807 554 249 48 16 0 0
3808 555 255 49 16 0 0
